id X Y Z
1 87331.82031 12398.29785 51.91199875
2 87331.38281 12405.34863 51.74399948
3 87223.50781 12619.92578 46.93999863
4 87223.35938 12596.14746 47.29999924
5 87231.14844 12618.91309 46.53300095
6 87231.59375 12600.02441 47.25899887
7 87226.35156 12607.86523 43.81399918
8 87234.42188 12616.64258 47.46300125
9 87236.50781 12605.03418 47.40299988
10 87231.92969 12591.86621 46.9659996
11 87249.22656 12590.1748 47.08800125
12 87245.63281 12575.88574 47.61100006
13 87239.67969 12615.1416 46.95899963
14 87243.5625 12563.33691 47.8730011
15 87235.64844 12575.59668 48.06399918
16 87258.39063 12581.95508 47.4090004
17 87253.40625 12566.21875 48.10200119
18 87245.8125 12552.07324 48.2179985
19 87248.71875 12551.82227 48.20899963
20 87262.47656 12594.05859 47.29800034
21 87260.41406 12562.67383 48.51599884
22 87255.35938 12546.71875 48.57500076
23 87253.92969 12552.71289 51.29000092
24 87275.86719 12571.53906 47.35100174
25 87264.23438 12550.71875 51.27000046
26 87263.11719 12546.4873 48.77000046
27 87267.8125 12551.80176 51.43600082
28 87266.88281 12547.23633 48.89899826
29 87281.21094 12562.93555 46.99200058
30 87267.66406 12541.5127 48.92300034
31 87263.03125 12556.38574 51.52799988
32 87271.92969 12541.07617 48.86299896
33 87285.03125 12555.40918 46.13600159
34 87256 12555.80176 51.30699921
35 87293.76563 12542.46094 45.96500015
36 87268.53906 12550.30762 51.13999939
37 87271.53906 12546.18555 51.25799942
38 87275.41406 12541.49316 48.02199936
39 87272.76563 12549.90332 48.31000137
40 87283.38281 12538.61426 47.38000107
41 87269.41406 12556.75781 48.25400162
42 87273.84375 12536.22461 46.50899887
43 87273.82031 12536.12109 49.15800095
44 87276.15625 12531.59277 51.10900116
45 87273.65625 12529.63379 49.32300186
46 87290.82031 12535.98438 47.38700104
47 87277.75 12527.65039 49.25600052
48 87288.60938 12532.24023 49.89099884
49 87283.35938 12527.2998 49.04600143
50 87284.98438 12533.80469 51.26900101
51 87292.76563 12532.27344 48.44900131
52 87266.375 12499.45605 49.72000122
53 87276.92188 12534.32422 50.92100143
54 87296.44531 12528.95996 47.68700027
55 87292.82031 12524.81543 46.23899841
56 87309.92969 12511.7959 46.46300125
57 87309.97656 12511.85059 48.06399918
58 87268.51563 12497.67285 48.74399948
59 87306.15625 12501.97656 48.22299957
60 87285.88281 12494.68652 48.5870018
61 87325.21094 12507.07324 48.24000168
62 87298.57813 12502.75781 46.22900009
63 87330.84375 12510.59473 45.78499985
64 87296.32813 12485.9248 48.61199951
65 87307.17969 12496.9707 48.45999908
66 87327.45313 12489.04395 48.33499908
67 87312.70313 12483.74121 48.2159996
68 87301.21875 12473.63477 48.57300186
69 87337.30469 12488.55078 48.5019989
70 87331.24219 12471.95215 48.18899918
71 87319.50781 12467.85156 47.86800003
72 87347.80469 12471.55664 48.56100082
73 87302.92188 12451.95117 49.49399948
74 87318.03125 12460.25 49.74300003
75 87350.02344 12479.17773 48.28699875
76 87307.09375 12446.44336 50.00500107
77 87321.34375 12451.33398 48.50500107
78 87371.92969 12469.48145 48.89199829
79 87307.71094 12437.38574 50.27799988
80 87323.25781 12439.27246 50.18099976
81 87323.27344 12439.2793 48.58100128
82 87310.96875 12423.5127 50.38299942
83 87326.42969 12426.22754 49.27099991
84 87330.79688 12416.1582 50.72800064
85 87382.16406 12476.875 48.86999893
86 87339.42969 12417.7002 50.4109993
87 87418.45313 12476.81445 49.04399872
88 87421.08594 12470.83496 49.13199997
89 87333.28125 12431.82129 48.83200073
90 87329.82031 12457.26465 48.64400101
91 87347.63281 12437.34863 50.14599991
92 87441.13281 12480.3623 48.6590004
93 87367.46094 12441.12793 49.61999893
94 87371.74219 12432.87207 51.40499878
95 87387.46875 12429.48535 51.72000122
96 87345.20313 12458.18848 48.54600143
97 87441.0625 12480.44531 48.64199829
98 87387.46094 12439.98145 51.20600128
99 87409.27344 12442.02832 51.06100082
100 87440.85938 12471.30957 48.82899857
101 87413.17188 12429.84277 51.7840004
102 87432.0625 12427.92188 52.02099991
103 87439.77344 12444.67871 51.0320015
104 87362.60938 12457.07715 49.23699951
105 87384.07813 12456.22852 49.40999985
106 87403.375 12456.33301 49.64899826
107 87421.80469 12456.96973 49.75500107
108 87439.875 12457.38379 49.54100037
109 87284.125 12451.38184 50.90999985
110 87284.8125 12435.33789 50.625
111 87284.78906 12435.33203 50.74900055
112 87280.625 12454.53027 49.29100037
113 87273.86719 12470.04688 49.05799866
114 87257 12469.12793 49.25299835
115 87261.57031 12489.39355 48.95700073
116 87245.51563 12478.16895 49.3409996
117 87260.25781 12492.81738 50.35300064
118 87237.72656 12496.95117 49.41999817
119 87258.57813 12511.95703 49.75500107
120 87239.78125 12511.61523 49.68099976
121 87254.76563 12530.24414 49.11800003
122 87240.39063 12532.50391 48.77799988
123 87472.34375 12398.33301 52.32400131
124 87532.34375 12432.12305 52.18399811
125 87532.34375 12432.12598 52.18700027
126 87441.58594 12473.20215 48.77199936
127 87461.0625 12445.86621 50.54199982
128 87459.76563 12454.82422 49.3769989
129 87459.03125 12429.14746 51.05899811
130 87478.5 12450.84375 49.5870018
131 87488.01563 12448.5459 49.6570015
132 87488.07813 12448.50488 49.65100098
133 87462.34375 12420.43164 51.55199814
134 87487.88281 12419.49121 51.29199982
135 87487.92969 12431.44141 51.0340004
136 87371.85156 12478.28711 48.80400085
137 87378.64844 12469.77344 48.93999863
138 87421.04688 12470.58105 49.12200165
139 87425.28906 12472.06445 49.25500107
140 87496.14844 12432.9248 50.8219986
141 87497.24219 12419.95605 51.27600098
142 87495.96094 12446.58301 49.79999924
143 87515.75 12432.81152 51.96900177
144 87510.57031 12445.7002 49.70999908
145 87521.55469 12423.28906 51.98899841
146 87525.03125 12449.35059 49.97499847
147 87441.14844 12473.29199 48.81999969
148 87528.9375 12440.16699 50.64599991
149 87542.64063 12453.81543 50.58200073
150 87518.29688 12436.80566 50.24900055
151 87557.21875 12457.01855 50.93500137
152 87556.15625 12424.94531 51.89099884
153 87571.21094 12459.24121 51.30599976
154 87557.42969 12442.22559 51.86500168
155 87590.78125 12459.54492 51.80500031
156 87577.17188 12444.71875 52.01800156
157 87603.79688 12456.89258 51.75600052
158 87582.42969 12429.41309 52.06700134
159 87612.98438 12455.40723 51.7840004
160 87602.64063 12432.55664 52.17300034
161 87624.63281 12457.56055 51.75099945
162 87617.78906 12437.10547 51.92900085
163 87630.9375 12460.18262 51.72499847
164 87635.24219 12446.00586 52.0340004
165 87636.89844 12463.19629 51.44800186
166 87637.14063 12453.33887 52.79399872
167 87643.71094 12467.20801 50.81399918
168 87643.39063 12458.1416 51.5320015
169 87644.08594 12473.19727 51.75799942
170 87645.77344 12459.2832 50.13800049
171 87650.72656 12463.75781 52.06900024
172 87657.67969 12473.43945 52.05599976
173 87653.34375 12475.44629 53.23300171
174 87651.61719 12471.93066 53.60800171
175 87650.84375 12476.19531 52.14899826
176 87471.07031 12464.62109 48.67300034
177 87636.125 12469.81152 47.54700089
178 87627.36719 12464.66895 47.09700012
179 87474.02344 12484.65625 48.30400085
180 87613.51563 12484.58105 50.50400162
181 87633.48438 12482.45605 51.05899811
182 87631.82813 12473.88477 51.30500031
183 87620.08594 12468.54004 51.5890007
184 87577.33594 12489.74805 51.01900101
185 87609.57813 12468.34863 51.3390007
186 87569.27344 12490.53418 49.625
187 87497.19531 12477.94629 49.57300186
188 87570.10156 12479.11133 49.91699982
189 87591.11719 12471.68262 51.38999939
190 87575.00781 12481.88184 51.125
191 87578.4375 12471.33789 51.19800186
192 87516.27344 12472.70703 49.97200012
193 87566.625 12471.35352 51.36899948
194 87517.6875 12463.97559 50.13100052
195 87560.42969 12486.45898 47.37799835
196 87570.15625 12494.30664 49.64099884
197 87542.54688 12486.43164 47.22399902
198 87500.29688 12458.39063 49.74900055
199 87523.54688 12486.70508 47.15299988
200 87533.72656 12466.14648 50.50099945
201 87501.40625 12492.93066 46.7480011
202 87547.71094 12468.04395 50.65499878
203 87485.97656 12488.71777 47.5909996
204 87479.6875 12479.07617 49.07799911
205 87509.25 12478.58008 49.81299973
206 87516.53906 12472.66895 50.07899857
207 87532.91406 12471.07129 50.46900177
208 87545.10156 12473.05566 50.5379982
209 87537.59375 12462.04297 47.22399902
210 87554.01563 12474.05371 50.73500061
211 87455.51563 12480.76172 48.56399918
212 87440.32813 12481.76758 48.37200165
213 87437 12478.52637 46.8409996
214 87441.54688 12473.85254 48.98400116
215 87426.75 12479.39453 46.99499893
216 87427.72656 12480.16504 45.11500168
217 87406.14063 12478.04199 45.3429985
218 87400.5625 12479.1416 44.9070015
219 87472.35156 12398.33496 52.31399918
220 87525.35156 12433.07617 51.54600143
221 87529.60938 12437.73047 51.77700043
222 87536.60938 12440.5459 51.72200012
223 87543.26563 12444.875 51.9280014
224 87550.5 12449.33301 51.61399841
225 87559.29688 12451.43945 51.97299957
226 87570.92969 12452.2666 51.79299927
227 87581.09375 12452.02441 51.92100143
228 87549.09375 12442.28125 52.04299927
229 87460.92969 12496.28809 47.31100082
230 87445.6875 12494.56445 48.18899918
231 87519.15625 12432.88184 52.03300095
232 87461.29688 12494.89941 48.19400024
233 87444.375 12483.39648 48.48099899
234 87444.83594 12495.81543 47.15200043
235 87440.42188 12482.06348 48.35200119
236 87513.64844 12434.73828 51.55400085
237 87441.10156 12473.37402 48.73600006
238 87500.69531 12436.62402 51.7179985
239 87388.08594 12480.37012 44.84600067
240 87424.84375 12472.56543 49.19599915
241 87390.44531 12495.20313 45.04199982
242 87500.67969 12436.59375 51.70899963
243 87420.83594 12477.66406 49.06999969
244 87373.09375 12482.16016 45.07300186
245 87498.25781 12425.56348 52.22000122
246 87371.57813 12491.79395 45.2820015
247 87426 12479.14941 47.14300156
248 87356.64844 12495.34961 44.4620018
249 87436.25 12477.75 46.7879982
250 87351.72656 12505.09961 44.27000046
251 87437.49219 12497.30176 46.89199829
252 87340.82031 12518.52148 47.08800125
253 87427.80469 12496.50977 47.21500015
254 87340.34375 12515.24316 47.17599869
255 87333.46875 12511.46387 47.29800034
256 87400.96094 12497.14258 46.67300034
257 87343.44531 12492.60938 48.58499908
258 87337.84375 12489.83691 48.56900024
259 87341.57031 12475.52539 48.40000153
260 87401.13281 12496.28125 45.22299957
261 87400.75781 12479.38184 47.47700119
262 87400.74219 12479.38574 44.8769989
263 87355.30469 12476.05273 48.65800095
264 87348.35156 12488.63477 47.39199829
265 87435.51563 12479.43848 45.45700073
266 87431.61719 12481.26465 45.33200073
267 87435.80469 12495.81738 45.16899872
268 87338.96875 12521.97852 46.92599869
269 87329.375 12526.49902 46.97499847
270 87320.61719 12528.58594 46.94300079
271 87309.53906 12535.55273 46.97000122
272 87299.17969 12537.97168 47.06399918
273 87426.76563 12473.53613 47.1570015
274 87296.03906 12545.73535 46.0909996
275 87438.53906 12474.54785 46.84799957
276 87288.75781 12555.85938 46.20399857
277 87443.375 12486.53906 47.07300186
278 87306.03125 12541.41992 47.01399994
279 87312.73438 12542.3584 46.98899841
280 87308.22656 12543.17969 45.98099899
281 87321.52344 12545.31738 46.9469986
282 87334.00781 12542.18262 47.02399826
283 87347.6875 12540.93457 46.89899826
284 87356.25 12529.77734 46.97100067
285 87368.71875 12513.2998 47.36199951
286 87650.39844 12488.17285 52.11999893
287 87633.92969 12489.84766 50.86500168
288 87623.42188 12490.66016 50.70800018
289 87646.24219 12492.50781 50.83399963
290 87621.53906 12503.94727 50.6780014
291 87631.82813 12508.24121 50.64099884
292 87645.57031 12493.69238 50.15999985
293 87618.47656 12529.96094 50.49399948
294 87624.11719 12534.87012 50.1629982
295 87644.50781 12507.81348 50.18500137
296 87620.625 12557.96484 50.00799942
297 87640.1875 12524.14258 49.95800018
298 87613.19531 12547.92578 49.63499832
299 87637.82031 12538.32227 49.90499878
300 87613.72656 12543.49219 49.68000031
301 87637.38281 12531.56738 49.1269989
302 87661.71875 12491.50586 51.45999908
303 87633.20313 12542.9502 48.2879982
304 87601.59375 12530.40918 50.32500076
305 87665.05469 12504.84473 51.8429985
306 87600.14844 12545.69824 50.55799866
307 87634.51563 12546.58203 49.58599854
308 87661.47656 12494.20996 50.15800095
309 87633.19531 12560.96875 48.89599991
310 87664.02344 12506.00684 50.50299835
311 87630.53906 12581.76367 48.44100189
312 87604.80469 12544.95703 49.67699814
313 87627.4375 12595.65137 47.69200134
314 87658.9375 12530.34766 50.04800034
315 87618.75781 12568.24805 49.93899918
316 87625.55469 12602.33203 47.1780014
317 87654.85156 12545.47363 50.16699982
318 87627.25 12609.69336 46.60400009
319 87615.67188 12592.28418 49.2179985
320 87600.91406 12555.90039 49.72000122
321 87616.39063 12594.77148 48.30400085
322 87651.625 12564.66211 49.35200119
323 87614.41406 12600.96191 48.11299896
324 87601.05469 12580.58984 49.12900162
325 87615.67969 12603.81055 46.34999847
326 87648.8125 12586.32422 48.38399887
327 87606.92969 12585.86914 49.08100128
328 87620.80469 12606.04688 46.0019989
329 87647.27344 12610.01367 47.94499969
330 87610.75 12604.39063 47.93199921
331 87637.125 12612.81934 45.83499908
332 87647.14844 12615.81445 45.95600128
333 87612.04688 12609.2168 47.93500137
334 87615.14063 12615.65039 47.34199905
335 87595.85156 12627.42285 46.82400131
336 87613.10156 12629.77344 46.76399994
337 87630.24219 12615.09375 46.07899857
338 87646.92969 12619.13379 45.89799881
339 87612.52344 12638.03223 46.42100143
340 87627.97656 12623.66699 46.62099838
341 87646.97656 12618.17969 45.99399948
342 87611.52344 12651.0752 46.74700165
343 87615.49219 12661.76563 46.47700119
344 87628.36719 12633.06543 50.70700073
345 87647.53906 12627.69824 46.72800064
346 87603.82813 12619.49414 47.1629982
347 87619.97656 12668.82813 46.27999878
348 87646.78906 12633.55859 49.60300064
349 87627.92188 12644.37891 50.80500031
350 87594.96094 12641.50488 46.80599976
351 87646.28906 12647.72656 51.64300156
352 87621.89063 12583.25488 45.26499939
353 87636.10156 12640.62695 52.5890007
354 87599.91406 12655.17871 46.97800064
355 87624.72656 12560.21973 45.33399963
356 87630.625 12530.08008 45.75500107
357 87639.5625 12644.3418 51.81499863
358 87593.26563 12676.98145 46.59799957
359 87593.41406 12699.83203 46.36199951
360 87604.23438 12650.05762 46.58100128
361 87607.11719 12661.58105 46.32699966
362 87612.64063 12676.73438 46.00899887
363 87606.34375 12674.69043 46.57699966
364 87608.125 12688.25977 46.55899811
365 87621.32031 12689.80078 46.81399918
366 87621.58594 12698.37598 46.57600021
367 87627.65625 12680.11328 46.10499954
368 87617.74219 12706.11133 46.54299927
369 87646.08594 12650.61816 50.97399902
370 87630.02344 12649.35547 49.87900162
371 87635.23438 12647.11621 51.32300186
372 87633.07813 12654.94727 49.53099823
373 87616.92188 12716.11523 46.40200043
374 87636.92188 12658.73633 49.66899872
375 87634.60938 12690.58594 46.17699814
376 87649.79688 12660.33105 49.31499863
377 87642.04688 12685.5332 46.62099838
378 87635.76563 12662.76758 47.95100021
379 87622.50781 12715.78516 45.87599945
380 87646.50781 12689.66699 47.36999893
381 87640.69531 12656.9043 49.79100037
382 87647.57813 12664.15723 47.59199905
383 87631.14844 12717.49902 45.9620018
384 87636.48438 12650.3916 50.51300049
385 87633.25 12702.87305 46.44599915
386 87649.8125 12694.95215 47.46099854
387 87643.08594 12658.83008 47.84600067
388 87647.85156 12656.38379 47.70399857
389 87644.07813 12652.44336 47.82500076
390 87651.99219 12695.16504 46.55899811
391 87642.0625 12672.39941 48.01399994
392 87627.8125 12710.25 44.76499939
393 87656.76563 12700.15039 46.71099854
394 87659.44531 12674.13086 47.65299988
395 87655.59375 12696.66602 45.32500076
396 87642.28906 12712.77637 46.13700104
397 87661.96094 12707.89453 46.8730011
398 87660.26563 12689.18945 47.47600174
399 87667.97656 12716.35059 46.66899872
400 87658.66406 12697.63281 46.58399963
401 87654.3125 12711.00977 46.95800018
402 87645.03906 12682.78906 46.73099899
403 87668.92969 12720.46875 46.29299927
404 87648.28125 12708.43359 46.3370018
405 87671.42188 12715.91992 46.23899841
406 87678.46094 12720.4248 46.21699905
407 87677.10938 12717.0166 46.32400131
408 87649.08594 12724.4541 46.09000015
409 87677.17188 12719.16797 44.99900055
410 87666.97656 12726.31738 46.06600189
411 87580.04688 12722.97266 45.52500153
412 87535.80469 12780.36523 45.81900024
413 87574.17969 12739.34473 44.5719986
414 87541.83594 12788.46191 45.70700073
415 87556.04688 12757.98535 45.32699966
416 87572.34375 12759.51953 44.68199921
417 87549.48438 12781.82031 46.01100159
418 87555.04688 12767.47266 45.01499939
419 87575.36719 12765.26953 44.35699844
420 87573.32813 12767.69824 44.31600189
421 87586.94531 12772.74707 44.28099823
422 87577.125 12768.92676 44.5929985
423 87563.26563 12795.42285 45.93600082
424 87562.38281 12775.21582 46.11000061
425 87586.70313 12776.98438 44.5379982
426 87575.23438 12798.39063 45.1590004
427 87559.10156 12761.16895 45.21099854
428 87570.82031 12781.58984 45.86800003
429 87584.72656 12794.90137 45.20000076
430 87592.94531 12779.72363 44.59899902
431 87580.71875 12784.54395 45.57300186
432 87571.1875 12762.4834 46.40399933
433 87589.57031 12800.78516 43.5320015
434 87583.22656 12780.71973 47.05099869
435 87569.9375 12766.73633 46.8219986
436 87581.63281 12779.37793 47.68700027
437 87589.46875 12800.74121 43.45700073
438 87604.39844 12774.14941 42.0929985
439 87604.53906 12774.17676 44.70600128
440 87597.10938 12804.03125 43.56200027
441 87582.71875 12773.18652 47.41500092
442 87560.97656 12766.26758 46.85699844
443 87560.875 12767.21191 48.28900146
444 87564.35156 12766.77344 48.5890007
445 87578.50781 12771.52734 47.60800171
446 87606.67188 12769.89453 44.67499924
447 87601.1875 12791.84473 43.73699951
448 87579.61719 12778.49121 47.56399918
449 87565.32031 12773.94727 48.18399811
450 87570.74219 12778.17676 48.11700058
451 87578.83594 12778.98828 48.43799973
452 87603.5 12777.73438 46.20399857
453 87606.83594 12781.50781 43.96699905
454 87594.98438 12784.20703 46.18099976
455 87577.26563 12771.5166 48.68199921
456 87593.375 12782.11816 46.2480011
457 87572.60156 12799.14063 45.91799927
458 87596.13281 12789.39453 45.77199936
459 87558.96875 12792.11328 46.15399933
460 87557.1875 12815.93555 43.33800125
461 87568.20313 12828.33008 43.07500076
462 87576.39063 12817.95801 43.14500046
463 87578.35938 12834.45996 42.99900055
464 87584.89063 12800.0127 43.87900162
465 87599.4375 12801.09766 43.6269989
466 87592.4375 12842.17773 42.91500092
467 87592.07031 12819.11816 43.20600128
468 87548.32813 12783.70801 45.72900009
469 87618.29688 12803.49707 43.61299896
470 87616.23438 12825.17773 43.11000061
471 87631.38281 12802.86133 43.63199997
472 87604.40625 12846.6582 42.87900162
473 87630.875 12829.11523 43.19200134
474 87646.50781 12804.27441 43.57600021
475 87644.9375 12836.86133 43.12099838
476 87621.78125 12764.45801 44.42100143
477 87619.39063 12856.81152 42.7840004
478 87636.78125 12772.14648 44.52199936
479 87646.63281 12838.54785 42.16999817
480 87660.32031 12810.06348 43.49499893
481 87647.23438 12779.39941 44.26699829
482 87629.23438 12862.00781 43.2140007
483 87657.21094 12779.65918 44.25299835
484 87668.23438 12796.62793 44.14099884
485 87670.15625 12778.73535 44.39899826
486 87631.16406 12863.12402 41.86999893
487 87657.78906 12827.71777 43.61000061
488 87679.5625 12777.60352 44.45100021
489 87633.80469 12864.54199 43.17399979
490 87672.33594 12803.33301 44.2120018
491 87672.1875 12794.27344 42.86600113
492 87684.72656 12781.10645 44.83000183
493 87673.14063 12821.93945 43.95800018
494 87645.46875 12873.625 43.3769989
495 87662.60156 12840.31543 43.95199966
496 87684.04688 12800.76367 44.17100143
497 87691.64063 12784.47852 44.68600082
498 87659.67969 12878.55371 43.34500122
499 87703.90625 12784.35254 44.53099823
500 87694.82813 12805.71582 43.86500168
501 87671.78125 12833.625 43.31000137
502 87668.57031 12885.19824 43.2159996
503 87681.71875 12844.42969 43.40399933
504 87701.60938 12818.36426 43.64300156
505 87718.73438 12782.27441 44.78699875
506 87715.07031 12822.75488 43.94599915
507 87696.67969 12852.5 43.41699982
508 87680.94531 12891.81445 42.75600052
509 87715.27344 12868.49023 43.91600037
510 87729.14063 12829.89063 44.00400162
511 87729.20313 12786.05371 44.95999908
512 87748.75 12841.54492 44.20600128
513 87734.64844 12877.78613 42.88800049
514 87692.86719 12899.99219 42.90800095
515 87748.92188 12889.82422 42.9679985
516 87764.27344 12850.08691 44.4090004
517 87739.89844 12786.87012 46.05699921
518 87778.88281 12860.76563 44.0340004
519 87761.09375 12898.00293 42.68099976
520 87710.63281 12913.95898 42.68000031
521 87773.89844 12871.51855 45.82500076
522 87753.24219 12790.99707 46.09899902
523 87778.79688 12864.29492 45.375
524 87721.98438 12913 42.54700089
525 87723.82031 12924.19043 42.19300079
526 87799.13281 12852.21387 43.68299866
527 87765.07813 12796.67969 45.24900055
528 87739.16406 12910.12988 42.63800049
529 87738.64844 12935.30078 42.09000015
530 87754.35156 12915.80664 42.50699997
531 87786.4375 12841.9707 46.45500183
532 87776.15625 12802.69531 45.28499985
533 87781.96875 12848.25098 45.59799957
534 87771.73438 12867.5166 44.18899918
535 87791.25781 12834.91992 45.13299942
536 87775.89063 12810.27441 45.45700073
537 87795.63281 12833.60645 46.07600021
538 87799.74219 12853.4248 43.69200134
539 87781.53906 12807.19629 47.89699936
540 87800.67188 12830.16797 46.74100113
541 87779.78906 12810.66602 47.58499908
542 87787.28125 12848.92578 43.99499893
543 87814.57031 12830.11523 44.22900009
544 87804.75 12818.56445 45.1230011
545 87797 12813.63574 44.30099869
546 87785.85156 12814.6543 48.06100082
547 87797.03125 12813.54492 44.28900146
548 87814.59375 12830.15137 44.2179985
549 87806.76563 12805.63184 45.54000092
550 87804.39844 12803.16309 44.50500107
551 87822.04688 12821.58691 44.69599915
552 87806.23438 12793.95215 45.86399841
553 87818.77344 12806.10059 45.8390007
554 87793.08594 12813.6543 45.80199814
555 87827.84375 12809.18066 46.46500015
556 87818.32031 12799.51465 46.91899872
557 87822.16406 12801.24121 46.82699966
558 87824.23438 12808.53809 45.59899902
559 87785.9375 12803.31445 45.75500107
560 87816.33594 12795.30859 45.40000153
561 87827.90625 12804.93359 47.74200058
562 87798.03125 12784.6543 47.08000183
563 87817.625 12783.63379 46.29600143
564 87825.83594 12790.99512 45.37799835
565 87829.96875 12805.65137 47.59700012
566 87833.89844 12798.82129 48.03300095
567 87831.66406 12791.46484 46.10200119
568 87827.85156 12783.83887 45.09700012
569 87807.28906 12767.79102 47.46099854
570 87841.48438 12791.02734 45.92900085
571 87839.84375 12795.73047 45.5719986
572 87833.30469 12779.97363 46.34600067
573 87837.01563 12776.51758 46.54100037
574 87846.19531 12783.7832 45.80099869
575 87861.74219 12798.54395 42.62400055
576 87813.25 12753.98828 48.09000015
577 87840.40625 12769.35352 46.77500153
578 87848.63281 12781.80078 47.31100082
579 87847.75 12762.70117 47.84799957
580 87820.39844 12743.5459 47.62200165
581 87854.15625 12755.26953 47.54899979
582 87851.17969 12778.2002 48.91600037
583 87865.91406 12792.06641 43.68500137
584 87842.73438 12774.0498 48.7519989
585 87827.79688 12733.75 47.55099869
586 87862.71094 12746.2832 47.4280014
587 87835.82813 12722.93555 48.1230011
588 87881.34375 12759.14746 47.23799896
589 87850.5625 12774.42383 47.23400116
590 87857.51563 12781.16895 45.63199997
591 87875.69531 12768.89063 46.3730011
592 87843.84375 12770.31934 46.74000168
593 87857.65625 12775.72559 47.92599869
594 87856.59375 12770.8584 49.9659996
595 87853.28906 12767.16699 47.86700058
596 87861.97656 12772.05762 50.39099884
597 87852.48438 12774.11816 47.22700119
598 87863.35156 12762.75293 47.66600037
599 87891.50781 12768.46973 47.09999847
600 87639.54688 12644.34082 51.7179985
601 87887.99219 12772.79883 47.0719986
602 87877.92188 12764.64355 47.09400177
603 87869.0625 12802.39063 42.45299911
604 87908.35938 12787.84766 46.2140007
605 87880.03125 12811.07715 42.22700119
606 87858.40625 12764.96484 47.41400146
607 87895.77344 12822.83301 41.72399902
608 87929.24219 12803.43262 44.72900009
609 87914.21875 12835.5459 41.59000015
610 87935.33594 12809.86816 44.1780014
611 87906.46875 12843.41504 41.05899811
612 87929.75781 12815.2959 41.76100159
613 87894.16406 12834.84277 40.9640007
614 87875.05469 12788.04102 43.54600143
615 87877.5625 12821.82813 41.13800049
616 87877.875 12782.29688 44.29600143
617 87860.80469 12807.28125 41.5320015
618 87885.28125 12774.51074 45.19100189
619 87923.05469 12819.32324 40.46500015
620 87917.39844 12829.88574 40.12799835
621 87909.60156 12810.61133 40.84999847
622 87903.88281 12823.16602 40.18700027
623 87905.46094 12816.34473 39.34700012
624 87890.1875 12811.99023 40.04299927
625 87864.96875 12767.08105 46.4640007
626 87868.13281 12770.0127 45.70500183
627 87865.75 12763.23145 46.6570015
628 87871.85156 12777.25293 44.62200165
629 87876.82813 12799.96289 40.47900009
630 87908.3125 12808.58105 41.45299911
631 87873.75 12795.5332 41.2159996
632 87875.60938 12771.21582 44.81900024
633 87895.9375 12800.82715 40.91799927
634 87879.3125 12788.9248 41.80699921
635 87866.78125 12791.14844 42.52999878
636 87867.60156 12783.46875 43.57500076
637 87864.14844 12786.55273 43.27099991
638 87872.3125 12788.48047 42.64799881
639 87881.78906 12784.1748 42.64300156
640 87890.07031 12803.61621 39.59600067
641 87882.92188 12799.1123 40.1269989
642 87898.11719 12791.01367 43.03099823
643 87916.10938 12797.40039 43.22299957
644 87212.14844 12715.78516 45.21300125
645 87650.39844 12488.14258 52.09500122
646 87650.39844 12488.14063 52.09500122
647 87721.14063 12727.10156 46.9090004
648 87691.21875 12725.09668 46.39799881
649 87659.5 12725.08398 46.09799957
650 87674.44531 12535.93164 49.11299896
651 87624.78125 12725.37891 45.75
652 87672.53125 12564.90039 49.97200012
653 87670.33594 12694.37305 46.45500183
654 87684.625 12706.4502 46.39300156
655 87671.1875 12691.69238 47.09600067
656 87684.60156 12706.39453 46.36299896
657 87659.09375 12557.45996 49.68899918
658 87673.03906 12681.39746 47.31900024
659 87664.10156 12543.69336 50.93500137
660 87674.40625 12667.24414 47.50299835
661 87689.375 12701.91504 46.41600037
662 87606.3125 12724.79785 45.63000107
663 87689.10156 12700.38965 43.30799866
664 87677.53125 12658.22852 47.86299896
665 87664.52344 12530.13477 47.45000076
666 87678.84375 12649.05078 47.8730011
667 87689.78125 12698.37207 44.29000092
668 87577.85938 12725.57031 45.57500076
669 87693.84375 12687.27148 44.57099915
670 87666.29688 12644.42969 50.24200058
671 87667.57031 12528.98242 52.17200089
672 87694.60938 12683.79297 47.43399811
673 87694 12674.94824 49.61000061
674 87679.34375 12640.92969 48.38700104
675 87675.91406 12533.35254 52.13499832
676 87690.29688 12664.74023 51.89599991
677 87691.88281 12656.25684 50.85499954
678 87680.1875 12629.6123 45.86100006
679 87672.59375 12518.62012 51.99200058
680 87688.69531 12643.89355 48.48099899
681 87691.0625 12632.79883 45.84700012
682 87535.38281 12742.03613 44.875
683 87667.79688 12505.52637 51.63700104
684 87673.6875 12624.2207 46.18600082
685 87690.54688 12629.50684 46.11399841
686 87673.75 12615.59082 48.98099899
687 87691.78906 12620.00391 48.98899841
688 87675.11719 12543.76563 51.36600113
689 87679.60938 12599.05762 49.33000183
690 87694.1875 12608.15234 49.52099991
691 87680.28125 12595.16211 50.01300049
692 87681.65625 12567.375 50.82400131
693 87697.25 12591.95703 50.64099884
694 87685.92188 12579.54883 50.69300079
695 87672.15625 12574.87891 49.50799942
696 87542.71875 12744.13086 44.9679985
697 87549.29688 12746.41992 46.30699921
698 87556.52344 12749.23242 44.49399948
699 87663.79688 12596.58105 46.04600143
700 87683.67188 12579.62891 48.00799942
701 87677.07031 12590.02637 50.70700073
702 87661.30469 12613.85742 48.11500168
703 87683.00781 12579.39844 50.0379982
704 87675.85938 12589.62012 49.57699966
705 87663.28125 12592.97559 48.6780014
706 87666.70313 12608.27734 49.33499908
707 87662.95313 12614.51367 48.04000092
708 87669.03125 12560.52637 48.73400116
709 87578.5 12750.12695 44.60900116
710 87603.40625 12743.21387 45.57600021
711 87612.70313 12740.31543 44.98400116
712 87659.85156 12659.95801 50.09400177
713 87660.60156 12653.71582 50.29399872
714 87659.59375 12666.97461 47.97800064
715 87628.11719 12741.28516 45.15999985
716 87648.41406 12742.03906 45.17100143
717 87667.15625 12742.53516 45.2879982
718 87686.9375 12742.56543 45.3409996
719 87697.86719 12743.30469 46.06600189
720 87572.32813 12773.54395 48.6780014
721 87639.5625 12644.34082 51.83599854
722 87533.03906 12762.53613 44.41999817
723 87507.42969 12759.57227 44.42699814
724 87436.25 12780.47266 44.63800049
725 87500.39063 12769.19727 43.94800186
726 87439.64844 12781.49121 43.34899902
727 87527.20313 12787.80566 44.22999954
728 87499.07031 12781.43262 44.02999878
729 87450.03906 12785.50293 43.41199875
730 87509.84375 12783.38086 44.11500168
731 87528.94531 12790.25488 46.23899841
732 87509.84375 12786.6123 44.79000092
733 87505.17188 12754.95996 46.20199966
734 87534.35938 12761.17676 45.43899918
735 87514.53125 12784.96582 44.24900055
736 87464.69531 12786.88184 44.20899963
737 87515.14844 12783.22266 44.28300095
738 87497.875 12768.04199 46.06900024
739 87521.08594 12762.76855 44.3429985
740 87523.00781 12783.73145 44.40800095
741 87497.11719 12781.78418 46.19599915
742 87533.5 12771.80762 45.68500137
743 87471.79688 12790.56738 45.6570015
744 87531.46094 12779.81348 45.88899994
745 87514.09375 12791.19336 46.9129982
746 87505.875 12789.18066 46.43000031
747 87516.28906 12786.12793 46.89199829
748 87521.71875 12789.09961 46.78900146
749 87496 12796.27246 46.01200104
750 87484.25 12796.67578 45.65599823
751 87528.15625 12800.21191 45.91400146
752 87510.74219 12814.76465 46.28300095
753 87543.8125 12784.1748 45.8030014
754 87487.55469 12800.19824 46.77899933
755 87537.96094 12795.57813 45.82500076
756 87504.60156 12814.42773 45.99399948
757 87504.49219 12824.63477 45.92699814
758 87489.86719 12801.59473 45.73099899
759 87546.02344 12787.91309 44.04899979
760 87498.26563 12809.4668 45.73600006
761 87541.94531 12795.42383 43.82899857
762 87480.94531 12833.88184 46.09899902
763 87487.63281 12822.36523 45.68299866
764 87471.15625 12834.68262 45.99000168
765 87535.73438 12803.36328 43.66400146
766 87477.42969 12825.90527 45.8219986
767 87471.03125 12828.82129 45.98799896
768 87477.85156 12817.04297 46.34600067
769 87517.00781 12808.76758 43.43799973
770 87477.63281 12807.47168 45.82300186
771 87471.92969 12804.42676 45.95299911
772 87513.46875 12817.71777 43.56299973
773 87494.625 12824.71875 43.48199844
774 87472.3125 12798.93652 45.77899933
775 87468.52344 12795.3877 46.03699875
776 87508.33594 12821.23242 41.42300034
777 87473.54688 12781.84863 45.36600113
778 87479.71094 12778.27539 45.54499817
779 87505.36719 12828.15723 43.52199936
780 87478.22656 12760.74219 45.27700043
781 87486.98438 12826.2334 43.9679985
782 87478.15625 12776.75586 44.13800049
783 87483.49219 12837 43.70000076
784 87468.52344 12828.87988 44.06600189
785 87466.875 12772.98926 43.6629982
786 87477.60156 12763.41113 43.8429985
787 87472.35938 12782.56152 43.91199875
788 87467.1875 12762.50098 43.62599945
789 87473 12838.38184 43.48500061
790 87468.46875 12834.49023 43.75699997
791 87474.5 12826.73926 44.10100174
792 87451.15625 12761.74609 43.70899963
793 87468.15625 12788.95508 43.06499863
794 87476.5625 12811.07715 43.53099823
795 87457.83594 12830.02344 43.52899933
796 87470.6875 12808.15918 43.47100067
797 87466.27344 12797.08887 43.0719986
798 87446.77344 12784.65234 43.07600021
799 87452.19531 12808.2207 41.8390007
800 87444.53125 12831.54492 42.54199982
801 87440.59375 12849.38281 42.63999939
802 87431.6875 12884.5918 42.63700104
803 87456.1875 12854.13379 43.0379982
804 87440.34375 12864.54492 42.97200012
805 87472.38281 12859.34375 43.16699982
806 87453.82031 12871.68359 43.41799927
807 87485.67188 12865.4209 43.48799896
808 87434.76563 12911.63379 42.30199814
809 87464.53125 12878.83398 43.29399872
810 87443.50781 12891.78125 42.67699814
811 87490.85156 12848.51074 43.28099823
812 87453.10156 12898.10254 43.02399826
813 87473.24219 12884.18652 44.05099869
814 87501.72656 12850.33398 44.15100098
815 87478.07813 12874.50586 43.65599823
816 87496.9375 12857.61328 43.7120018
817 87459.10938 12914.69141 42.95500183
818 87464.53125 12904.38672 43.00699997
819 87484.54688 12879.31934 43.65200043
820 87495.53125 12852.39941 45.79800034
821 87467.55469 12909.24609 43.81999969
822 87466.78906 12916.16309 47.60400009
823 87483.69531 12873.85547 45.52799988
824 87489.99219 12859.57617 45.30400085
825 87473.00781 12902.52344 43.61199951
826 87461.84375 12923.8457 49.1269989
827 87504.75781 12862.79102 43.96699905
828 87493.1875 12875.22754 42.51800156
829 87479.76563 12897.4082 43.99200058
830 87488.54688 12885.65723 44.02500153
831 87478.42188 12930.75684 48.42499924
832 87515.72656 12870.24805 44.07600021
833 87493.52344 12880.19043 43.91600037
834 87483.875 12902.13672 47.38000107
835 87500.44531 12914.75391 46.62799835
836 87497.65625 12899.74902 46.9280014
837 87488.85938 12892.49512 47.01800156
838 87505.53125 12907.4668 46.63299942
839 87514.19531 12887.62402 47.34500122
840 87497.07813 12884.87598 47.0019989
841 87513.60156 12879.79102 43.98600006
842 87524.25 12889.37012 46.5
843 87513.95313 12914.41113 46.30400085
844 87532.07813 12884.85352 46.28699875
845 87540.375 12885.6084 46.27199936
846 87521.92188 12885.87598 43.56100082
847 87521.3125 12919.22363 46.19900131
848 87545.38281 12893.5918 46.30400085
849 87532.07813 12881.07031 43.68999863
850 87545.50781 12884.48047 43.76200104
851 87524.96875 12921.31348 47.28900146
852 87550 12892.91895 43.59500122
853 87555.83594 12902.82813 43.04800034
854 87553.04688 12906.35938 45.09799957
855 87555.84375 12902.84668 43.04399872
856 87549.40625 12899.93164 44.95399857
857 87528.21094 12922.8916 45.39300156
858 87528.14844 12896.67578 46.15999985
859 87567.60938 12907.9209 43.34400177
860 87546.58594 12922.10645 44.76399994
861 87537.24219 12928.90527 45.06700134
862 87577.42188 12911.25879 43.31399918
863 87544.41406 12934.68164 45.81100082
864 87558.36719 12914.73242 45.04999924
865 87529.53125 12908.44336 45.79700089
866 87548.89063 12936.40332 43.22600174
867 87566.94531 12919.29102 44.40000153
868 87579.61719 12925.61719 44.29600143
869 87554.10938 12940.72363 43.93999863
870 87546.14063 12923.31836 44.84600067
871 87551.73438 12926.06152 42.5359993
872 87551.75781 12926.05176 42.95500183
873 87555.9375 12940.38086 43.01200104
874 87562.5 12919.20703 42.0340004
875 87557.14063 12943.57324 45.26300049
876 87564.61719 12947.75488 45.26300049
877 87587.34375 12924.35156 44.45800018
878 87570.48438 12931.82813 41.45899963
879 87568.91406 12951.02344 42.66500092
880 87590.32813 12916.45898 45.69300079
881 87582.34375 12941.66992 43.16500092
882 87572.17969 12954.08008 42.42699814
883 87596.42969 12910.79492 45.27700043
884 87587.77344 12947.09766 42.1230011
885 87588.29688 12911.94824 43.40399933
886 87579.23438 12959.24609 42.31200027
887 87600.76563 12956.53223 42.90299988
888 87599.96875 12905.10547 43.01499939
889 87599.78906 12899.56836 43.10100174
890 87587.21875 12905.19922 43.29999924
891 87586.95313 12963.96484 42.19800186
892 87598.64844 12895.53125 44.79700089
893 87586.95313 12901.09668 44.74700165
894 87605.17188 12895.28516 45.18899918
895 87585.9375 12897.61133 43.2179985
896 87595.01563 12967.27832 41.92499924
897 87604.80469 12892.54492 44.18999863
898 87597.15625 12944.97266 42.33100128
899 87594.57031 12971.28027 43.47499847
900 87610.10938 12895.49805 43.41799927
901 87614.95313 12917.71094 42.78900146
902 87602.66406 12932.53027 42.32099915
903 87597.10938 12975.39648 42.31700134
904 87614.39844 12914.34375 42.79999924
905 87620.4375 12936.92578 41.19200134
906 87622.92188 12898.74219 43.07899857
907 87607.60156 12942.48145 40.82400131
908 87607.72656 12979.76367 41.99000168
909 87613.65625 12956.67773 40.77999878
910 87617.16406 12917.84961 40.31000137
911 87630.24219 12902.05176 42.41699982
912 87624.30469 12902.25293 40.23799896
913 87611.48438 12988.43262 41.2840004
914 87606.53125 12975.32813 40.20199966
915 87611.5625 12988.44629 41.27999878
916 87619.28906 12993.12012 42.12799835
917 87629.91406 12905.40527 39.8730011
918 87632.03906 12900.78516 42.4620018
919 87623.03125 12989.97168 41.91999817
920 87625.0625 12923.20898 40.68399811
921 87646.35938 12910.08496 42.54899979
922 87651.79688 12911.42285 42.58000183
923 87630.47656 12991.7041 40.72600174
924 87619.91406 12927.54102 40.89199829
925 87636.17969 12982.20898 40.66699982
926 87641.17188 12976.09375 40.70600128
927 87645.60938 12973.9209 41.04000092
928 87640.89063 12925.87891 40.48899841
929 87650.61719 12964.57715 40.70100021
930 87654.17969 12909.3877 42.9620018
931 87655.70313 12926.16406 40.62200165
932 87652.63281 12954.38281 40.53099823
933 87662.85156 12939.60547 41.27399826
934 87653.08594 12907.11035 42.91500092
935 87644.48438 12944.54688 40.59999847
936 87655.21094 12902.79883 42.8370018
937 87636.85156 12936.71973 40.59899902
938 87667.67188 12915.16406 42.68099976
939 87643.55469 12936.09961 40.4640007
940 87620.25 12969.80664 38.50799942
941 87660.45313 12920.95215 40.36800003
942 87669.75 12921.47168 42.65599823
943 87632.66406 12961.06152 38.375
944 87672.92188 12923.43945 41.16899872
945 87673.39063 12939.69238 41.0929985
946 87681.32031 12927.89258 41.39300156
947 87685.60156 12915.81738 42.10300064
948 87687.61719 12913.11035 42.72700119
949 87685.82813 12914.23145 41.38700104
950 87641.15625 12884.42871 43.05099869
951 87642.59375 12880.5459 43.16899872
952 87634.23438 12887.54785 43.34199905
953 87639.41406 12882.09668 42.06000137
954 87630.14063 12886.60156 43.1629982
955 87631.17188 12884.09375 43.11600113
956 87601.58594 12871.58887 44.10499954
957 87592.44531 12888.3584 43.37400055
958 87594.64844 12983.3916 42.18999863
959 87575.10938 12886.83496 43.23600006
960 87584.20313 12864.43066 43.51399994
961 87602.3125 12991.05762 40.7140007
962 87572.71094 12858.99414 43.86600113
963 87562.17188 12882.38281 43.84199905
964 87554.73438 12851.69238 43.54700089
965 87611.28125 12998.57813 40.7820015
966 87542.92188 12872.25977 43.37099838
967 87538.10156 12844.19043 43.76699829
968 87554.45313 12822.91699 43.25600052
969 87534.46875 12873.99414 43.30099869
970 87619.54688 13006.20996 41.38600159
971 87535.28906 12816.72266 44.11500168
972 87524.10156 12839.20898 43.47999954
973 87521.38281 12868.21387 43.67300034
974 87514.67188 12833.48926 44.7140007
975 87504.36719 12863.25586 44.11399841
976 87628.94531 13013.37012 41.32600021
977 87631.73438 13007.44531 40.9469986
978 87556.3125 12796.1416 43.75400162
979 87545.95313 12787.10938 44.04000092
980 87212.14844 12398.30957 51.45500183
981 87221.625 12618.24609 47.00299835
982 87212.14844 12715.78516 45.20899963
983 87284.99219 12566.24902 47.30099869
984 87284.80469 12570.65918 47.6590004
985 87284.09375 12575.62012 47.38899994
986 87281.83594 12574.86914 47.59000015
987 87279.89063 12578.18066 47.54499817
988 87276.50781 12584.36816 46.66699982
989 87294.00781 12569.75098 45.84199905
990 87270.29688 12593.70605 46.2480011
991 87291.13281 12578.60156 46.07600021
992 87269.73438 12594.75098 47.24499893
993 87275 12595.80859 47.3219986
994 87283.3125 12594.89258 46.02399826
995 87266.71875 12607.74902 46.79800034
996 87282.35156 12599.13184 46.80099869
997 87258.21094 12624.34473 46.38399887
998 87253.21875 12638.85156 46.17499924
999 87286.08594 12546.9707 45.83100128
1000 87241.55469 12631.08008 46.42399979
1001 87278.35938 12564.00098 47.74499893
1002 87269.70313 12580.70117 47.69100189
1003 87256.74219 12601.24316 46.78699875
1004 87255.45313 12447.42188 50.02199936
1005 87259.32031 12437.83008 50.88600159
1006 87259.85156 12423.22656 51.45899963
1007 87276.3125 12423.87988 51.48099899
1008 87276.41406 12438.35352 50.75899887
1009 87273.21094 12450.72461 50.60800171
1010 87266.32813 12451.28418 50.4109993
1011 87261.14063 12460.78125 49.31700134
1012 87257.64844 12475.56641 49.1609993
1013 87691.99219 12660.1377 50.97100067
1014 87687.88281 12645.70117 48.99900055
1015 87698.25781 12635.01074 45.79999924
1016 87701.34375 12639.10352 46.18299866
1017 87704.09375 12632.19043 46.08300018
1018 87698.17188 12637.14355 46.10200119
1019 87703.82031 12627.33887 48.14300156
1020 87699.72656 12630.59375 46.28300095
1021 87706.64844 12620.31836 47.6590004
1022 87698.96875 12632.3457 46.06700134
1023 87711.90625 12614.51855 50.41199875
1024 87712.39844 12631.0127 48.48600006
1025 87722.24219 12625.72461 50.1269989
1026 87709.39844 12637.51563 47.98600006
1027 87715.16406 12636.5459 48.04199982
1028 87705.33594 12643.33594 48.56800079
1029 87716.07813 12640.60742 46.45100021
1030 87710.625 12648.63477 47.68099976
1031 87707.64063 12655.26367 50.18899918
1032 87731.79688 12667.11621 50.65399933
1033 87721.86719 12648.80957 46.24700165
1034 87739.61719 12656.88379 48.49200058
1035 87730.45313 12654.26465 47.03699875
1036 87741.74219 12650.90918 49.16500092
1037 87728.625 12646.35254 47.65599823
1038 87745.92188 12646.89453 49.27199936
1039 87746.08594 12644.75879 49.91400146
1040 87722.77344 12640.2041 47.4679985
1041 87726.83594 12634.96777 49.26699829
1042 87755.57031 12653.33398 49.4070015
1043 87749.79688 12662.80469 49.87099838
1044 87746.46875 12675.20703 46.85400009
1045 87738.90625 12691.92871 45.77700043
1046 87730.71875 12677.92871 47.89099884
1047 87717.76563 12673.5127 48.84000015
1048 87703.59375 12672.95605 48.57799911
1049 87702.3125 12661.71289 50.94499969
1050 87690.05469 12663.28223 52.2140007
1051 87701.98438 12682.27148 47.39400101
1052 87697.1875 12670.0918 49.58200073
1053 87692.21875 12656.47363 50.83800125
1054 87709.32813 12687.32617 47.21900177
1055 87695.89844 12657.43945 47.26699829
1056 87705.64844 12677.86035 47.49399948
1057 87702.625 12678.39844 46
1058 87704.00781 12667.85352 50.33599854
1059 87699.77344 12654.91309 50.94800186
1060 87577.44531 12969.30273 41.61700058
1061 87564.92188 12967.89941 42.66699982
1062 87568.89063 12962.42871 43.35699844
1063 87568.80469 12957.17676 42.32500076
1064 87565.63281 12950.82129 40.82500076
1065 87565.59375 12950.85352 43.41899872
1066 87561.00781 12951.79883 45.12599945
1067 87544.94531 12964.41602 45.21900177
1068 87546.27344 12946.98047 44.63899994
1069 87526.25 12959.01855 45.66799927
1070 87532.21875 12940.83301 45.50500107
1071 87521.26563 12956.96191 48.74000168
1072 87522.19531 12943.30371 46.41999817
1073 87513.25781 12954.56836 49.10499954
1074 87513.60156 12937.22754 46.31100082
1075 87497.03906 12947.35938 49.11000061
1076 87504.19531 12934.13184 48.14099884
1077 87493.27344 12932.47754 48.15299988
1078 87509.24219 12938.77832 48.64300156
1079 87477.35938 12927.83301 48.76499939
1080 87521.38281 12947.85059 48.625
1081 87471.89844 12923.50879 49.33599854
1082 87481.11719 12943.56445 48.36999893
1083 87466.97656 12920.90234 48.54000092
1084 87461.96094 12923.68164 48.8390007
1085 87468.84375 12939.09277 49.47200012
1086 87455.42188 12937.40918 48.87400055
1087 87455.85156 12947.73633 48.96900177
1088 87462.58594 12956.18359 48.72200012
1089 87475.95313 12958.80078 48.76800156
1090 87482.50781 12955.14844 48.61299896
1091 87488.82813 12955.50488 48.95800018
1092 87494.78906 12962.85742 48.7859993
1093 87510.64844 12967.05566 48.61700058
1094 87515.60156 12965.05664 48.7859993
1095 87495.96094 12920.14844 47.10400009
1096 87477.47656 12904.79785 47.24599838
1097 87468.85156 12919.03223 47.16199875